Coeficientes del polinomio (x+1)^100:
1 100 4950 161700 3921225 75287520 1192052400 16007560800 186087894300 1902231808400 17310309456440 141629804643600 1050421051106700 7110542499799200 44186942677323610 253338471349988670 1345860629046814700 6650134872937202000 30664510802988210000 132341572939212260000 535983370403809600000 2.0418414110621316e+21 7.332066885177654e+21 2.4865270306254656e+22 7.977607556590037e+22 2.425192697203371e+23 6.995748165009723e+23 1.9173532007804428e+24 4.998813702034725e+24 1.2410847811948286e+25 2.9372339821610947e+25 6.632463830686342e+25 1.4301250134917425e+26 2.946924270225409e+26 5.8071742972088944e+26 1.0950671531879628e+27 1.9772045821449327e+27 3.4200295474939376e+27 5.670048986634686e+27 9.01392403003463e+27 1.374623414580281e+28 2.0116440213369964e+28 2.825880887116257e+28 3.8116532895986726e+28 4.9378235797073715e+28 6.144847121413618e+28 7.3470998190815e+28 8.441348728306404e+28 9.32065588750499e+28 9.891308288780807e+28 1.0089134454556424e+29 9.891308288780807e+28 9.32065588750499e+28 8.441348728306404e+28 7.3470998190815e+28 6.144847121413618e+28 4.9378235797073715e+28 3.8116532895986726e+28 2.825880887116257e+28 2.0116440213369964e+28 1.374623414580281e+28 9.01392403003463e+27 5.670048986634686e+27 3.4200295474939376e+27 1.9772045821449327e+27 1.0950671531879628e+27 5.8071742972088944e+26 2.946924270225409e+26 1.4301250134917425e+26 6.632463830686342e+25 2.9372339821610947e+25 1.2410847811948286e+25 4.998813702034725e+24 1.9173532007804428e+24 6.995748165009723e+23 2.425192697203371e+23 7.977607556590037e+22 2.4865270306254656e+22 7.332066885177654e+21 2.0418414110621316e+21 535983370403809600000 132341572939212260000 30664510802988210000 6650134872937202000 1345860629046814700 253338471349988670 44186942677323610 7110542499799200 1050421051106700 141629804643600 17310309456440 1902231808400 186087894300 16007560800 1192052400 75287520 3921225 161700 4950 100 1


Cálculo paso a paso para x=2:
1 * 2^100 = 1.2676506002282294e+30
100 * 2^99 = 6.338253001141147e+31
4950 * 2^98 = 1.568717617782434e+33
161700 * 2^97 = 2.5622387757113087e+34
3921225 * 2^96 = 3.1067145155499618e+35
75287520 * 2^95 = 2.9824459349279633e+36
1192052400 * 2^94 = 2.361103031817971e+37
16007560800 * 2^93 = 1.585312035649209e+38
186087894300 * 2^92 = 9.214626207211028e+38
1902231808400 * 2^91 = 4.709697839241192e+39


Resultado final: f(2) = 5.153775207320114e+47
Tiempo de ejecución: 0.377600 ms